[[None],
[0, 325.32937257173995],
[0, 0.3490658503988659],
[
(-1,[((0.0, 0.0, 0.0), 0, 0, 0)]),
(72,[((0.5, 0.5, -0.5), 0, 0, 0), ((-0.5, 0.5, -0.5), 0, 0, 0), ((-0.5, -0.5, -0.5), 0, 0, 0), ((0.5, -0.5, -0.5), 0, 0, 0), ((0.5, 0.5, 0.5), 0, 0, 0), ((-0.5, 0.5, 0.5), 0, 0, 0), ((-0.5, -0.5, 0.5), 0, 0, 0), ((0.5, -0.5, 0.5), 0, 0, 0)]),
(71,[((0.75, 0.75, -0.75), 0, 0, 0), ((0.25, 0.75, -0.75), 0, 0, 0), ((0.25, 0.25, -0.75), 0, 0, 0), ((0.75, 0.25, -0.75), 0, 0, 0), ((0.75, 0.75, -0.25), 0, 0, 0), ((0.25, 0.75, -0.25), 0, 0, 0), ((0.25, 0.25, -0.25), 0, 0, 0), ((0.75, 0.25, -0.25), 0, 0, 0)]),
(70,[((-0.25, 0.75, -0.75), 0, 0, 0), ((-0.75, 0.75, -0.75), 0, 0, 0), ((-0.75, 0.25, -0.75), 0, 0, 0), ((-0.25, 0.25, -0.75), 0, 0, 0), ((-0.25, 0.75, -0.25), 0, 0, 0), ((-0.75, 0.75, -0.25), 0, 0, 0), ((-0.75, 0.25, -0.25), 0, 0, 0), ((-0.25, 0.25, -0.25), 0, 0, 0)]),
(69,[((-0.25, -0.25, -0.75), 0, 0, 0), ((-0.75, -0.25, -0.75), 0, 0, 0), ((-0.75, -0.75, -0.75), 0, 0, 0), ((-0.25, -0.75, -0.75), 0, 0, 0), ((-0.25, -0.25, -0.25), 0, 0, 0), ((-0.75, -0.25, -0.25), 0, 0, 0), ((-0.75, -0.75, -0.25), 0, 0, 0), ((-0.25, -0.75, -0.25), 0, 0, 0)]),
(68,[((0.75, -0.25, -0.75), 0, 0, 0), ((0.25, -0.25, -0.75), 0, 0, 0), ((0.25, -0.75, -0.75), 0, 0, 0), ((0.75, -0.75, -0.75), 0, 0, 0), ((0.75, -0.25, -0.25), 0, 0, 0), ((0.25, -0.25, -0.25), 0, 0, 0), ((0.25, -0.75, -0.25), 0, 0, 0), ((0.75, -0.75, -0.25), 0, 0, 0)]),
(67,[((0.75, 0.75, 0.25), 0, 0, 0), ((0.25, 0.75, 0.25), 0, 0, 0), ((0.25, 0.25, 0.25), 0, 0, 0), ((0.75, 0.25, 0.25), 0, 0, 0), ((0.75, 0.75, 0.75), 0, 0, 0), ((0.25, 0.75, 0.75), 0, 0, 0), ((0.25, 0.25, 0.75), 0, 0, 0), ((0.75, 0.25, 0.75), 0, 0, 0)]),
(66,[((-0.25, 0.75, 0.25), 0, 0, 0), ((-0.75, 0.75, 0.25), 0, 0, 0), ((-0.75, 0.25, 0.25), 0, 0, 0), ((-0.25, 0.25, 0.25), 0, 0, 0), ((-0.25, 0.75, 0.75), 0, 0, 0), ((-0.75, 0.75, 0.75), 0, 0, 0), ((-0.75, 0.25, 0.75), 0, 0, 0), ((-0.25, 0.25, 0.75), 0, 0, 0)]),
(65,[((-0.25, -0.25, 0.25), 0, 0, 0), ((-0.75, -0.25, 0.25), 0, 0, 0), ((-0.75, -0.75, 0.25), 0, 0, 0), ((-0.25, -0.75, 0.25), 0, 0, 0), ((-0.25, -0.25, 0.75), 0, 0, 0), ((-0.75, -0.25, 0.75), 0, 0, 0), ((-0.75, -0.75, 0.75), 0, 0, 0), ((-0.25, -0.75, 0.75), 0, 0, 0)]),
(64,[((0.75, -0.25, 0.25), 0, 0, 0), ((0.25, -0.25, 0.25), 0, 0, 0), ((0.25, -0.75, 0.25), 0, 0, 0), ((0.75, -0.75, 0.25), 0, 0, 0), ((0.75, -0.25, 0.75), 0, 0, 0), ((0.25, -0.25, 0.75), 0, 0, 0), ((0.25, -0.75, 0.75), 0, 0, 0), ((0.75, -0.75, 0.75), 0, 1, 1)]),
]
]
