[[None],
[None],
[0],
[(0, 0, 1.0, 1.0, 1.0)],
[(0, 1)],
[
(-1,[((0.0, 0.0, 0.0), 0, 0, 0, 1)]),
(88,[((0.5, 0.5, -0.5), 0, 0, 0, 1), ((-0.5, 0.5, -0.5), 0, 0, 0, 1), ((-0.5, 0.5, 0.5), 0, 0, 0, 1), ((0.5, 0.5, 0.5), 0, 0, 0, 2), ((0.5, -0.5, -0.5), 0, 0, 0, 1), ((-0.5, -0.5, -0.5), 0, 0, 0, 1), ((-0.5, -0.5, 0.5), 0, 0, 0, 1), ((0.5, -0.5, 0.5), 0, 0, 0, 1)]),
(87,[((0.75, 0.75, -0.75), 0, 0, 0, 1), ((0.25, 0.75, -0.75), 0, 0, 0, 1), ((0.25, 0.75, -0.25), 0, 0, 0, 1), ((0.75, 0.75, -0.25), 0, 0, 0, 1), ((0.75, 0.25, -0.75), 0, 0, 0, 1), ((0.25, 0.25, -0.75), 0, 0, 0, 1), ((0.25, 0.25, -0.25), 0, 0, 0, 1), ((0.75, 0.25, -0.25), 0, 0, 0, 1)]),
(86,[((-0.25, 0.75, -0.75), 0, 0, 0, 1), ((-0.75, 0.75, -0.75), 0, 0, 0, 1), ((-0.75, 0.75, -0.25), 0, 0, 0, 1), ((-0.25, 0.75, -0.25), 0, 0, 0, 1), ((-0.25, 0.25, -0.75), 0, 0, 0, 1), ((-0.75, 0.25, -0.75), 0, 0, 0, 1), ((-0.75, 0.25, -0.25), 0, 0, 0, 1), ((-0.25, 0.25, -0.25), 0, 0, 0, 1)]),
(85,[((-0.25, 0.75, 0.25), 0, 0, 0, 1), ((-0.75, 0.75, 0.25), 0, 0, 0, 1), ((-0.75, 0.75, 0.75), 0, 0, 0, 1), ((-0.25, 0.75, 0.75), 0, 0, 0, 1), ((-0.25, 0.25, 0.25), 0, 0, 0, 1), ((-0.75, 0.25, 0.25), 0, 0, 0, 1), ((-0.75, 0.25, 0.75), 0, 0, 0, 1), ((-0.25, 0.25, 0.75), 0, 0, 0, 1)]),
(84,[((0.75, 0.75, 0.25), 0, 0, 0, 1), ((0.25, 0.75, 0.25), 0, 0, 0, 1), ((0.25, 0.75, 0.75), 0, 0, 0, 1), ((0.75, 0.75, 0.75), 0, 0, 0, 1), ((0.75, 0.25, 0.25), 0, 0, 0, 1), ((0.25, 0.25, 0.25), 0, 0, 0, 1), ((0.25, 0.25, 0.75), 0, 0, 0, 1), ((0.75, 0.25, 0.75), 0, 0, 0, 1)]),
(71,[((0.875, 0.875, 0.125), 0, 0, 0, 1), ((0.625, 0.875, 0.125), 0, 0, 0, 1), ((0.625, 0.875, 0.375), 0, 0, 0, 1), ((0.875, 0.875, 0.375), 0, 0, 0, 1), ((0.875, 0.625, 0.125), 0, 0, 0, 1), ((0.625, 0.625, 0.125), 0, 0, 0, 1), ((0.625, 0.625, 0.375), 0, 0, 0, 1), ((0.875, 0.625, 0.375), 0, 0, 0, 1)]),
(70,[((0.375, 0.875, 0.125), 0, 0, 0, 1), ((0.125, 0.875, 0.125), 0, 0, 0, 1), ((0.125, 0.875, 0.375), 0, 0, 0, 1), ((0.375, 0.875, 0.375), 0, 0, 0, 1), ((0.375, 0.625, 0.125), 0, 0, 0, 1), ((0.125, 0.625, 0.125), 0, 0, 0, 1), ((0.125, 0.625, 0.375), 0, 0, 0, 1), ((0.375, 0.625, 0.375), 0, 0, 0, 1)]),
(69,[((0.375, 0.875, 0.625), 0, 0, 0, 1), ((0.125, 0.875, 0.625), 0, 0, 0, 1), ((0.125, 0.875, 0.875), 0, 0, 0, 1), ((0.375, 0.875, 0.875), 0, 0, 0, 1), ((0.375, 0.625, 0.625), 0, 0, 0, 1), ((0.125, 0.625, 0.625), 0, 0, 0, 1), ((0.125, 0.625, 0.875), 0, 0, 0, 1), ((0.375, 0.625, 0.875), 0, 0, 0, 1)]),
(68,[((0.875, 0.875, 0.625), 0, 0, 0, 1), ((0.625, 0.875, 0.625), 0, 0, 0, 1), ((0.625, 0.875, 0.875), 0, 0, 0, 1), ((0.875, 0.875, 0.875), 0, 0, 0, 1), ((0.875, 0.625, 0.625), 0, 0, 0, 1), ((0.625, 0.625, 0.625), 0, 0, 0, 1), ((0.625, 0.625, 0.875), 0, 0, 0, 1), ((0.875, 0.625, 0.875), 0, 0, 0, 1)]),
(67,[((0.875, 0.375, 0.125), 0, 0, 0, 1), ((0.625, 0.375, 0.125), 0, 0, 0, 1), ((0.625, 0.375, 0.375), 0, 0, 0, 1), ((0.875, 0.375, 0.375), 0, 0, 0, 1), ((0.875, 0.125, 0.125), 0, 0, 0, 1), ((0.625, 0.125, 0.125), 0, 0, 0, 1), ((0.625, 0.125, 0.375), 0, 0, 0, 1), ((0.875, 0.125, 0.375), 0, 0, 0, 1)]),
(66,[((0.375, 0.375, 0.125), 0, 0, 0, 1), ((0.125, 0.375, 0.125), 0, 0, 0, 1), ((0.125, 0.375, 0.375), 0, 0, 0, 1), ((0.375, 0.375, 0.375), 0, 0, 0, 1), ((0.375, 0.125, 0.125), 0, 0, 0, 1), ((0.125, 0.125, 0.125), 0, 0, 0, 1), ((0.125, 0.125, 0.375), 0, 0, 0, 1), ((0.375, 0.125, 0.375), 0, 0, 0, 1)]),
(65,[((0.375, 0.375, 0.625), 0, 0, 0, 1), ((0.125, 0.375, 0.625), 0, 0, 0, 1), ((0.125, 0.375, 0.875), 0, 0, 0, 1), ((0.375, 0.375, 0.875), 0, 0, 0, 1), ((0.375, 0.125, 0.625), 0, 0, 0, 1), ((0.125, 0.125, 0.625), 0, 0, 0, 1), ((0.125, 0.125, 0.875), 0, 0, 0, 1), ((0.375, 0.125, 0.875), 0, 0, 0, 1)]),
(64,[((0.875, 0.375, 0.625), 0, 0, 0, 1), ((0.625, 0.375, 0.625), 0, 0, 0, 1), ((0.625, 0.375, 0.875), 0, 0, 0, 1), ((0.875, 0.375, 0.875), 0, 0, 0, 1), ((0.875, 0.125, 0.625), 0, 0, 0, 1), ((0.625, 0.125, 0.625), 0, 0, 0, 1), ((0.625, 0.125, 0.875), 0, 0, 0, 1), ((0.875, 0.125, 0.875), 0, 0, 0, 1)]),
(83,[((0.75, -0.25, -0.75), 0, 0, 0, 1), ((0.25, -0.25, -0.75), 0, 0, 0, 1), ((0.25, -0.25, -0.25), 0, 0, 0, 1), ((0.75, -0.25, -0.25), 0, 0, 0, 1), ((0.75, -0.75, -0.75), 0, 0, 0, 1), ((0.25, -0.75, -0.75), 0, 0, 0, 1), ((0.25, -0.75, -0.25), 0, 0, 0, 1), ((0.75, -0.75, -0.25), 0, 0, 0, 1)]),
(82,[((-0.25, -0.25, -0.75), 0, 0, 0, 1), ((-0.75, -0.25, -0.75), 0, 0, 0, 1), ((-0.75, -0.25, -0.25), 0, 0, 0, 1), ((-0.25, -0.25, -0.25), 0, 0, 0, 1), ((-0.25, -0.75, -0.75), 0, 0, 0, 1), ((-0.75, -0.75, -0.75), 0, 0, 0, 1), ((-0.75, -0.75, -0.25), 0, 0, 0, 1), ((-0.25, -0.75, -0.25), 0, 0, 0, 1)]),
(81,[((-0.25, -0.25, 0.25), 0, 0, 0, 1), ((-0.75, -0.25, 0.25), 0, 0, 0, 1), ((-0.75, -0.25, 0.75), 0, 0, 0, 1), ((-0.25, -0.25, 0.75), 0, 0, 0, 1), ((-0.25, -0.75, 0.25), 0, 0, 0, 1), ((-0.75, -0.75, 0.25), 0, 0, 0, 1), ((-0.75, -0.75, 0.75), 0, 0, 0, 1), ((-0.25, -0.75, 0.75), 0, 0, 0, 1)]),
(80,[((0.75, -0.25, 0.25), 0, 0, 0, 1), ((0.25, -0.25, 0.25), 0, 0, 0, 1), ((0.25, -0.25, 0.75), 0, 0, 0, 1), ((0.75, -0.25, 0.75), 0, 0, 0, 1), ((0.75, -0.75, 0.25), 0, 0, 0, 1), ((0.25, -0.75, 0.25), 0, 0, 0, 1), ((0.25, -0.75, 0.75), 0, 0, 0, 1), ((0.75, -0.75, 0.75), 0, 0, 0, 1)]),
]
]
