[[None],
[None, 'Folders/OBJ/Muna_elongated.png'],
[0],
[(0, 0, 1.0, 1.0, 1.0)],
[(0, 1)],
[
(-1,[((0.0, 0.0, 0.0), 0, 0, 0, 1)]),
(72,[((0.5, 0.5, -0.5), 0, 0, 0, 1), ((-0.5, 0.5, -0.5), 0, 0, 0, 1), ((-0.5, 0.5, 0.5), 0, 0, 0, 1), ((0.5, 0.5, 0.5), 0, 0, 0, 1), ((0.5, -0.5, -0.5), 0, 0, 0, 1), ((-0.5, -0.5, -0.5), 0, 0, 0, 1), ((-0.5, -0.5, 0.5), 0, 0, 0, 1), ((0.5, -0.5, 0.5), 0, 0, 0, 1)]),
(71,[((0.75, 0.75, -0.75), 0, 0, 0, 1), ((0.25, 0.75, -0.75), 0, 1, 0, 1), ((0.25, 0.75, -0.25), 0, 0, 0, 1), ((0.75, 0.75, -0.25), 0, 0, 0, 1), ((0.75, 0.25, -0.75), 0, 0, 0, 1), ((0.25, 0.25, -0.75), 0, 1, 0, 1), ((0.25, 0.25, -0.25), 0, 0, 0, 1), ((0.75, 0.25, -0.25), 0, 0, 0, 1)]),
(70,[((-0.25, 0.75, -0.75), 0, 1, 0, 1), ((-0.75, 0.75, -0.75), 0, 1, 0, 1), ((-0.75, 0.75, -0.25), 0, 1, 0, 1), ((-0.25, 0.75, -0.25), 0, 1, 0, 1), ((-0.25, 0.25, -0.75), 0, 1, 0, 1), ((-0.75, 0.25, -0.75), 0, 1, 0, 1), ((-0.75, 0.25, -0.25), 0, 1, 0, 1), ((-0.25, 0.25, -0.25), 0, 1, 0, 1)]),
(69,[((-0.25, 0.75, 0.25), 0, 1, 0, 1), ((-0.75, 0.75, 0.25), 0, 1, 0, 1), ((-0.75, 0.75, 0.75), 0, 1, 0, 1), ((-0.25, 0.75, 0.75), 0, 0, 0, 1), ((-0.25, 0.25, 0.25), 0, 1, 0, 1), ((-0.75, 0.25, 0.25), 0, 1, 0, 1), ((-0.75, 0.25, 0.75), 0, 1, 0, 1), ((-0.25, 0.25, 0.75), 0, 0, 0, 1)]),
(68,[((0.75, 0.75, 0.25), 0, 0, 0, 1), ((0.25, 0.75, 0.25), 0, 0, 0, 1), ((0.25, 0.75, 0.75), 0, 0, 0, 1), ((0.75, 0.75, 0.75), 0, 0, 0, 1), ((0.75, 0.25, 0.25), 0, 0, 0, 1), ((0.25, 0.25, 0.25), 0, 0, 0, 1), ((0.25, 0.25, 0.75), 0, 0, 0, 1), ((0.75, 0.25, 0.75), 0, 0, 0, 1)]),
(67,[((0.75, -0.25, -0.75), 0, 0, 0, 1), ((0.25, -0.25, -0.75), 0, 1, 0, 1), ((0.25, -0.25, -0.25), 0, 0, 0, 1), ((0.75, -0.25, -0.25), 0, 0, 0, 1), ((0.75, -0.75, -0.75), 0, 0, 0, 1), ((0.25, -0.75, -0.75), 0, 0, 0, 1), ((0.25, -0.75, -0.25), 0, 0, 0, 1), ((0.75, -0.75, -0.25), 0, 0, 0, 1)]),
(66,[((-0.25, -0.25, -0.75), 0, 1, 0, 1), ((-0.75, -0.25, -0.75), 0, 1, 0, 1), ((-0.75, -0.25, -0.25), 0, 1, 0, 1), ((-0.25, -0.25, -0.25), 0, 1, 0, 1), ((-0.25, -0.75, -0.75), 0, 0, 0, 1), ((-0.75, -0.75, -0.75), 0, 0, 0, 1), ((-0.75, -0.75, -0.25), 0, 0, 0, 1), ((-0.25, -0.75, -0.25), 0, 0, 0, 1)]),
(65,[((-0.25, -0.25, 0.25), 0, 0, 0, 1), ((-0.75, -0.25, 0.25), 0, 0, 0, 1), ((-0.75, -0.25, 0.75), 0, 0, 0, 1), ((-0.25, -0.25, 0.75), 0, 0, 0, 1), ((-0.25, -0.75, 0.25), 0, 0, 0, 1), ((-0.75, -0.75, 0.25), 0, 0, 0, 1), ((-0.75, -0.75, 0.75), 0, 0, 0, 1), ((-0.25, -0.75, 0.75), 0, 0, 0, 1)]),
(64,[((0.75, -0.25, 0.25), 0, 0, 0, 1), ((0.25, -0.25, 0.25), 0, 0, 0, 1), ((0.25, -0.25, 0.75), 0, 0, 0, 1), ((0.75, -0.25, 0.75), 0, 0, 0, 1), ((0.75, -0.75, 0.25), 0, 0, 0, 1), ((0.25, -0.75, 0.25), 0, 0, 0, 1), ((0.25, -0.75, 0.75), 0, 0, 0, 1), ((0.75, -0.75, 0.75), 0, 0, 0, 1)]),
]
]
