-1 -1 -1 -1 -1 -1 -1 -1 -1 -1 -1 -1 -1 -1 -1 -1 -1 -1 -1 -1 -1 -1 -1 
-1 -1 -1 -1 -1 -1 -1 -1 -1 -1 -1 -1 -1 -1 -1 -1 -1 -1 -1 -1 -1 -1 -1 
-1 -1 -1 -1 -1 -1 -1 -1 -1 -1 -1 -1 -1 -1 -1 -1 -1 -1 -1 -1 -1 -1 -1 
-1 -1 -1 -1 -1 18 -1 -1 -1 -1 -1 -1 -1 -1 -1 -1 -1 -1 9 -1 -1 -1 -1 
-1 -1 -1 -1 18 18 18 -1 17 17 17 17 10 10 10 10 -1 9 9 9 -1 -1 -1 
-1 -1 -1 18 18 -1 -1 18 17 -1 -1 17 10 -1 -1 10 9 -1 -1 9 -1 -1 -1 
-1 -1 -1 -1 18 -1 18 18 17 -1 17 17 10 10 -1 10 9 9 -1 9 -1 -1 -1 
-1 -1 -1 -1 -1 18 18 -1 -1 17 17 -1 -1 10 10 -1 -1 9 9 -1 -1 -1 -1 
-1 -1 -1 -1 19 19 19 -1 16 16 16 -1 11 11 11 11 -1 8 8 8 -1 -1 -1 
-1 -1 -1 -1 19 -1 -1 19 16 -1 -1 16 11 -1 -1 11 8 -1 -1 8 -1 -1 -1 
-1 -1 -1 -1 19 -1 19 19 16 -1 -1 16 11 -1 -1 11 8 8 -1 8 -1 -1 -1 
-1 -1 -1 -1 19 19 19 -1 -1 16 16 -1 -1 11 11 -1 -1 8 8 8 -1 -1 -1 
-1 -1 -1 -1 26 26 26 -1 25 25 25 -1 -1 2 2 -1 -1 1 1 1 -1 -1 -1 
-1 -1 -1 -1 26 -1 26 26 25 -1 -1 25 2 -1 -1 2 1 1 -1 1 -1 -1 -1 
-1 -1 -1 -1 26 -1 -1 26 25 -1 -1 25 2 -1 -1 2 1 -1 -1 1 -1 -1 -1 
-1 -1 -1 -1 26 26 26 -1 25 25 25 -1 -1 2 2 2 -1 1 1 1 -1 -1 -1 
-1 -1 -1 -1 -1 27 27 -1 -1 24 24 -1 -1 3 3 -1 -1 0 0 -1 -1 -1 -1 
-1 -1 -1 -1 27 -1 27 27 24 -1 24 24 3 3 -1 3 0 0 -1 0 -1 -1 -1 
-1 -1 -1 27 27 -1 -1 27 24 -1 -1 24 3 -1 -1 3 0 -1 -1 0 -1 -1 -1 
-1 -1 -1 -1 27 27 27 -1 24 24 24 24 3 3 3 3 -1 0 0 0 -1 -1 -1 
-1 -1 -1 -1 -1 -1 -1 -1 -1 -1 -1 -1 -1 -1 -1 -1 -1 -1 -1 -1 -1 -1 -1 
-1 -1 -1 -1 -1 -1 -1 -1 -1 -1 -1 -1 -1 -1 -1 -1 -1 -1 -1 -1 -1 -1 -1 
-1 -1 -1 -1 -1 -1 -1 -1 -1 -1 -1 -1 -1 -1 -1 -1 -1 -1 -1 -1 -1 -1 -1 
