[[None, u'C:/object/Tfoot\\Tfoot_0070.obj', u'C:/object/Tfoot\\Tfoot_0075.obj', u'C:/object/Tfoot\\Tfoot_0110.obj', u'C:/object/Tfoot\\Tfoot_0010.obj', u'C:/object/Tfoot\\Tfoot_0095.obj', u'C:/object/Tfoot\\Tfoot_0085.obj', u'C:/object/Tfoot\\Tfoot_0080.obj', u'C:/object/Tfoot\\Tfoot_0000.obj', u'C:/object/Tfoot\\Tfoot_0015.obj', u'C:/object/Tfoot\\Tfoot_0055.obj', u'C:/object/Tfoot\\Tfoot_0045.obj', u'C:/object/Tfoot\\Tfoot_0115.obj', u'C:/object/Tfoot\\Tfoot_0030.obj', u'C:/object/Tfoot\\Tfoot_0060.obj', u'C:/object/Tfoot\\Tfoot_0025.obj', u'C:/object/Tfoot\\Tfoot_0005.obj', u'C:/object/Tfoot\\Tfoot_0040.obj', u'C:/object/Tfoot\\Tfoot_0035.obj', u'C:/object/Tfoot\\Tfoot_0020.obj', u'C:/object/Tfoot\\Tfoot_0050.obj', u'C:/object/Tfoot\\Tfoot_0065.obj', u'C:/object/Tfoot\\Tfoot_0090.obj', u'C:/object/Tfoot\\Tfoot_0100.obj', u'C:/object/Tfoot\\Tfoot_0105.obj', u'C:/object/Tfoot\\Tfoot_0120.obj'],
[None],
[0, 1, 26],
[(0, 0, 1.0, 1.0, 1.0), (0, 0, 1.0, 1.0, 1.0), (0, 0, 1.0, 1.0, 1.0), (0, 0, 1.0, 1.0, 1.0), (0, 0, 1.0, 1.0, 1.0), (0, 0, 1.0, 1.0, 1.0), (0, 0, 1.0, 1.0, 1.0), (0, 0, 1.0, 1.0, 1.0), (0, 0, 1.0, 1.0, 1.0), (0, 0, 1.0, 1.0, 1.0), (0, 0, 1.0, 1.0, 1.0), (0, 0, 1.0, 1.0, 1.0), (0, 0, 1.0, 1.0, 1.0), (0, 0, 1.0, 1.0, 1.0), (0, 0, 1.0, 1.0, 1.0), (0, 0, 1.0, 1.0, 1.0), (0, 0, 1.0, 1.0, 1.0), (0, 0, 1.0, 1.0, 1.0), (0, 0, 1.0, 1.0, 1.0), (0, 0, 1.0, 1.0, 1.0), (0, 0, 1.0, 1.0, 1.0), (0, 0, 1.0, 1.0, 1.0), (0, 0, 1.0, 1.0, 1.0), (0, 0, 1.0, 1.0, 1.0), (0, 0, 1.0, 1.0, 1.0), (0, 0, 1.0, 1.0, 1.0)],
[
(-1,[((0.0, 0.0, 0.0), 0, 0, 0, 1)]),
(72,[((0.5, 0.5, -0.5), 0, 0, 0, 2), ((-0.5, 0.5, -0.5), 0, 0, 0, 2), ((-0.5, -0.5, -0.5), 0, 0, 0, 2), ((0.5, -0.5, -0.5), 0, 0, 0, 2), ((0.5, 0.5, 0.5), 0, 0, 0, 2), ((-0.5, 0.5, 0.5), 0, 0, 0, 2), ((-0.5, -0.5, 0.5), 0, 0, 0, 2), ((0.5, -0.5, 0.5), 0, 0, 0, 2)]),
(71,[((0.75, 0.75, -0.75), 1, 0, 1, 1), ((0.25, 0.75, -0.75), 2, 0, 1, 2), ((0.25, 0.25, -0.75), 3, 0, 1, 2), ((0.75, 0.25, -0.75), 4, 0, 1, 1), ((0.75, 0.75, -0.25), 5, 0, 1, 2), ((0.25, 0.75, -0.25), 6, 0, 1, 2), ((0.25, 0.25, -0.25), 7, 0, 1, 2), ((0.75, 0.25, -0.25), 8, 0, 2, 2)]),
(70,[((-0.25, 0.75, -0.75), 9, 0, 1, 2), ((-0.75, 0.75, -0.75), 10, 0, 1, 2), ((-0.75, 0.25, -0.75), 10, 0, 1, 2), ((-0.25, 0.25, -0.75), 11, 0, 1, 2), ((-0.25, 0.75, -0.25), 12, 0, 1, 2), ((-0.75, 0.75, -0.25), 13, 0, 1, 2), ((-0.75, 0.25, -0.25), 14, 0, 1, 2), ((-0.25, 0.25, -0.25), 15, 0, 1, 2)]),
(69,[((-0.25, -0.25, -0.75), 16, 0, 1, 2), ((-0.75, -0.25, -0.75), 2, 0, 1, 2), ((-0.75, -0.75, -0.75), 17, 0, 1, 2), ((-0.25, -0.75, -0.75), 18, 0, 1, 2), ((-0.25, -0.25, -0.25), 13, 0, 1, 2), ((-0.75, -0.25, -0.25), 19, 0, 1, 2), ((-0.75, -0.75, -0.25), 11, 0, 1, 2), ((-0.25, -0.75, -0.25), 20, 0, 1, 2)]),
(68,[((0.75, -0.25, -0.75), 14, 0, 1, 1), ((0.25, -0.25, -0.75), 21, 0, 1, 2), ((0.25, -0.75, -0.75), 22, 0, 1, 2), ((0.75, -0.75, -0.75), 6, 0, 1, 1), ((0.75, -0.25, -0.25), 7, 0, 1, 1), ((0.25, -0.25, -0.25), 1, 0, 1, 2), ((0.25, -0.75, -0.25), 5, 0, 1, 2), ((0.75, -0.75, -0.25), 23, 0, 1, 1)]),
(67,[((0.75, 0.75, 0.25), 24, 0, 1, 2), ((0.25, 0.75, 0.25), 3, 0, 1, 2), ((0.25, 0.25, 0.25), 9, 0, 1, 2), ((0.75, 0.25, 0.25), 16, 0, 1, 2), ((0.75, 0.75, 0.75), 8, 0, 2, 2), ((0.25, 0.75, 0.75), 25, 0, 1, 2), ((0.25, 0.25, 0.75), 19, 0, 1, 2), ((0.75, 0.25, 0.75), 15, 0, 1, 2)]),
(66,[((-0.25, 0.75, 0.25), 13, 0, 1, 2), ((-0.75, 0.75, 0.25), 18, 0, 1, 2), ((-0.75, 0.25, 0.25), 14, 0, 1, 2), ((-0.25, 0.25, 0.25), 20, 0, 1, 2), ((-0.25, 0.75, 0.75), 11, 0, 1, 2), ((-0.75, 0.75, 0.75), 17, 0, 1, 2), ((-0.75, 0.25, 0.75), 21, 0, 1, 2), ((-0.25, 0.25, 0.75), 1, 0, 1, 2)]),
(42,[((-0.625, 0.875, 0.625), 0, 0, 0, 1), ((-0.875, 0.875, 0.625), 0, 0, 0, 1), ((-0.875, 0.625, 0.625), 0, 0, 0, 1), ((-0.625, 0.625, 0.625), 0, 0, 0, 1), ((-0.625, 0.875, 0.875), 0, 0, 0, 1), ((-0.875, 0.875, 0.875), 0, 0, 0, 1), ((-0.875, 0.625, 0.875), 0, 0, 0, 1), ((-0.625, 0.625, 0.875), 0, 0, 0, 1)]),
(26,[((-0.8125, 0.9375, 0.8125), 0, 0, 0, 1), ((-0.9375, 0.9375, 0.8125), 0, 0, 0, 1), ((-0.9375, 0.8125, 0.8125), 0, 0, 0, 1), ((-0.8125, 0.8125, 0.8125), 0, 0, 0, 1), ((-0.8125, 0.9375, 0.9375), 0, 0, 0, 1), ((-0.9375, 0.9375, 0.9375), 0, 0, 0, 1), ((-0.9375, 0.8125, 0.9375), 0, 0, 0, 1), ((-0.8125, 0.8125, 0.9375), 0, 0, 0, 1)]),
(65,[((-0.25, -0.25, 0.25), 22, 0, 1, 2), ((-0.75, -0.25, 0.25), 23, 0, 1, 2), ((-0.75, -0.75, 0.25), 16, 0, 1, 2), ((-0.25, -0.75, 0.25), 25, 0, 1, 2), ((-0.25, -0.25, 0.75), 12, 0, 1, 2), ((-0.75, -0.25, 0.75), 24, 0, 1, 2), ((-0.75, -0.75, 0.75), 4, 0, 1, 2), ((-0.25, -0.75, 0.75), 19, 0, 1, 2)]),
(64,[((0.75, -0.25, 0.25), 18, 0, 1, 2), ((0.25, -0.25, 0.25), 17, 0, 1, 2), ((0.25, -0.75, 0.25), 4, 0, 1, 2), ((0.75, -0.75, 0.25), 21, 0, 1, 1), ((0.75, -0.25, 0.75), 10, 0, 1, 2), ((0.25, -0.25, 0.75), 20, 0, 1, 2), ((0.25, -0.75, 0.75), 9, 0, 1, 2), ((0.75, -0.75, 0.75), 15, 0, 1, 2)]),
(0,[((0.875, -0.625, 0.625), 0, 0, 0, 1), ((0.625, -0.625, 0.625), 0, 0, 0, 1), ((0.625, -0.875, 0.625), 0, 0, 0, 1), ((0.875, -0.875, 0.625), 0, 0, 0, 1), ((0.875, -0.625, 0.875), 0, 0, 0, 1), ((0.625, -0.625, 0.875), 0, 0, 0, 1), ((0.625, -0.875, 0.875), 0, 0, 0, 1), ((0.875, -0.875, 0.875), 0, 0, 0, 1)]),
(0,[((0.875, -0.625, 0.625), 0, 0, 0, 1), ((0.625, -0.625, 0.625), 0, 0, 0, 1), ((0.625, -0.875, 0.625), 0, 0, 0, 1), ((0.875, -0.875, 0.625), 0, 0, 0, 1), ((0.875, -0.625, 0.875), 0, 0, 0, 1), ((0.625, -0.625, 0.875), 0, 0, 0, 1), ((0.625, -0.875, 0.875), 0, 0, 0, 1), ((0.875, -0.875, 0.875), 0, 0, 0, 1)]),
]
]
