[[None],
[0],
[0],
[0.5, 0, 10.0],
[True, False],
[
(-1,[((0.0, 0.0, 0.0), 0, 0, 0, 0, 0)]),
(72,[((0.5, 0.5, -0.5), 0, 0, 0, 1, 0), ((-0.5, 0.5, -0.5), 0, 0, 0, 1, 0), ((-0.5, -0.5, -0.5), 0, 0, 0, 1, 0), ((0.5, -0.5, -0.5), 0, 0, 0, 1, 0), ((0.5, 0.5, 0.5), 0, 0, 0, 1, 0), ((-0.5, 0.5, 0.5), 0, 0, 0, 1, 0), ((-0.5, -0.5, 0.5), 0, 0, 0, 1, 0), ((0.5, -0.5, 0.5), 0, 0, 0, 1, 0)]),
(71,[((0.75, 0.75, -0.75), 0, 0, 0, 0, 1), ((0.25, 0.75, -0.75), 0, 0, 0, 1, 1), ((0.25, 0.25, -0.75), 0, 0, 0, 1, 1), ((0.75, 0.25, -0.75), 0, 0, 0, 0, 1), ((0.75, 0.75, -0.25), 0, 0, 0, 1, 1), ((0.25, 0.75, -0.25), 0, 0, 0, 1, 1), ((0.25, 0.25, -0.25), 0, 0, 0, 1, 1), ((0.75, 0.25, -0.25), 0, 0, 0, 2, 1)]),
(70,[((-0.25, 0.75, -0.75), 0, 0, 0, 1, 1), ((-0.75, 0.75, -0.75), 0, 0, 0, 1, 1), ((-0.75, 0.25, -0.75), 0, 0, 0, 1, 1), ((-0.25, 0.25, -0.75), 0, 0, 0, 1, 1), ((-0.25, 0.75, -0.25), 0, 0, 0, 1, 1), ((-0.75, 0.75, -0.25), 0, 0, 0, 1, 1), ((-0.75, 0.25, -0.25), 0, 0, 0, 1, 1), ((-0.25, 0.25, -0.25), 0, 0, 0, 1, 1)]),
(69,[((-0.25, -0.25, -0.75), 0, 0, 0, 1, 1), ((-0.75, -0.25, -0.75), 0, 0, 0, 1, 1), ((-0.75, -0.75, -0.75), 0, 0, 0, 1, 1), ((-0.25, -0.75, -0.75), 0, 0, 0, 1, 1), ((-0.25, -0.25, -0.25), 0, 0, 0, 1, 1), ((-0.75, -0.25, -0.25), 0, 0, 0, 1, 1), ((-0.75, -0.75, -0.25), 0, 0, 0, 1, 1), ((-0.25, -0.75, -0.25), 0, 0, 0, 1, 1)]),
(68,[((0.75, -0.25, -0.75), 0, 0, 0, 0, 1), ((0.25, -0.25, -0.75), 0, 0, 0, 1, 1), ((0.25, -0.75, -0.75), 0, 0, 0, 1, 1), ((0.75, -0.75, -0.75), 0, 0, 0, 0, 1), ((0.75, -0.25, -0.25), 0, 0, 0, 0, 1), ((0.25, -0.25, -0.25), 0, 0, 0, 1, 1), ((0.25, -0.75, -0.25), 0, 0, 0, 1, 1), ((0.75, -0.75, -0.25), 0, 0, 0, 0, 1)]),
(67,[((0.75, 0.75, 0.25), 0, 0, 0, 1, 1), ((0.25, 0.75, 0.25), 0, 0, 0, 1, 1), ((0.25, 0.25, 0.25), 0, 0, 0, 1, 1), ((0.75, 0.25, 0.25), 0, 0, 0, 1, 1), ((0.75, 0.75, 0.75), 0, 0, 0, 2, 1), ((0.25, 0.75, 0.75), 0, 0, 0, 1, 1), ((0.25, 0.25, 0.75), 0, 0, 0, 1, 1), ((0.75, 0.25, 0.75), 0, 0, 0, 1, 1)]),
(66,[((-0.25, 0.75, 0.25), 0, 0, 0, 1, 1), ((-0.75, 0.75, 0.25), 0, 0, 0, 1, 1), ((-0.75, 0.25, 0.25), 0, 0, 0, 1, 1), ((-0.25, 0.25, 0.25), 0, 0, 0, 1, 1), ((-0.25, 0.75, 0.75), 0, 0, 0, 1, 1), ((-0.75, 0.75, 0.75), 0, 0, 0, 1, 1), ((-0.75, 0.25, 0.75), 0, 0, 0, 1, 1), ((-0.25, 0.25, 0.75), 0, 0, 0, 1, 1)]),
(42,[((-0.625, 0.875, 0.625), 0, 0, 0, 1, 1), ((-0.875, 0.875, 0.625), 0, 0, 0, 1, 1), ((-0.875, 0.625, 0.625), 0, 0, 0, 1, 1), ((-0.625, 0.625, 0.625), 0, 0, 0, 1, 1), ((-0.625, 0.875, 0.875), 0, 0, 0, 1, 1), ((-0.875, 0.875, 0.875), 0, 0, 0, 1, 1), ((-0.875, 0.625, 0.875), 0, 0, 0, 1, 1), ((-0.625, 0.625, 0.875), 0, 0, 0, 1, 1)]),
(26,[((-0.8125, 0.9375, 0.8125), 0, 0, 0, 1, 1), ((-0.9375, 0.9375, 0.8125), 0, 0, 0, 1, 1), ((-0.9375, 0.8125, 0.8125), 0, 0, 0, 1, 1), ((-0.8125, 0.8125, 0.8125), 0, 0, 0, 1, 1), ((-0.8125, 0.9375, 0.9375), 0, 0, 0, 1, 1), ((-0.9375, 0.9375, 0.9375), 0, 0, 0, 1, 1), ((-0.9375, 0.8125, 0.9375), 0, 0, 0, 1, 1), ((-0.8125, 0.8125, 0.9375), 0, 0, 0, 1, 1)]),
(65,[((-0.25, -0.25, 0.25), 0, 0, 0, 1, 1), ((-0.75, -0.25, 0.25), 0, 0, 0, 1, 1), ((-0.75, -0.75, 0.25), 0, 0, 0, 1, 1), ((-0.25, -0.75, 0.25), 0, 0, 0, 1, 1), ((-0.25, -0.25, 0.75), 0, 0, 0, 1, 1), ((-0.75, -0.25, 0.75), 0, 0, 0, 1, 1), ((-0.75, -0.75, 0.75), 0, 0, 0, 1, 1), ((-0.25, -0.75, 0.75), 0, 0, 0, 1, 1)]),
(64,[((0.75, -0.25, 0.25), 0, 0, 0, 1, 1), ((0.25, -0.25, 0.25), 0, 0, 0, 1, 1), ((0.25, -0.75, 0.25), 0, 0, 0, 1, 1), ((0.75, -0.75, 0.25), 0, 0, 0, 0, 1), ((0.75, -0.25, 0.75), 0, 0, 0, 1, 1), ((0.25, -0.25, 0.75), 0, 0, 0, 1, 1), ((0.25, -0.75, 0.75), 0, 0, 0, 1, 1), ((0.75, -0.75, 0.75), 0, 0, 0, 1, 1)]),
(0,[((0.875, -0.625, 0.625), 0, 0, 0, 1, 1), ((0.625, -0.625, 0.625), 0, 0, 0, 1, 1), ((0.625, -0.875, 0.625), 0, 0, 0, 1, 1), ((0.875, -0.875, 0.625), 0, 0, 0, 1, 1), ((0.875, -0.625, 0.875), 0, 0, 0, 1, 1), ((0.625, -0.625, 0.875), 0, 0, 0, 1, 1), ((0.625, -0.875, 0.875), 0, 0, 0, 1, 1), ((0.875, -0.875, 0.875), 0, 0, 0, 1, 1)]),
(0,[((0.875, -0.625, 0.625), 0, 0, 0, 1, 1), ((0.625, -0.625, 0.625), 0, 0, 0, 1, 1), ((0.625, -0.875, 0.625), 0, 0, 0, 1, 1), ((0.875, -0.875, 0.625), 0, 0, 0, 1, 1), ((0.875, -0.625, 0.875), 0, 0, 0, 1, 1), ((0.625, -0.625, 0.875), 0, 0, 0, 1, 1), ((0.625, -0.875, 0.875), 0, 0, 0, 1, 1), ((0.875, -0.875, 0.875), 0, 0, 0, 1, 1)]),
]
]
